Obj = 4.5

Obj = 4.5
_total_solve_time = 3.332

zkg :=
1 1   1
1 2   0
2 1   0
2 2   1
3 1   1
3 2   0
;

egij [1,*,*]
:   1   2   3   4    :=
1   1   0   0   0
2   0   0   0   1
3   0   0   1   0
4   0   0   0   1

 [2,*,*]
:   1   2   3   4    :=
1   0   0   1   0
2   0   0   0   1
3   0   0   1   0
4   0   0   0   1
;

Obj = 4.5
_total_solve_time = 3.348

zkg :=
1 1   1
1 2   0
2 1   0
2 2   1
3 1   1
3 2   0
;

egij [1,*,*]
:   1   2   3   4    :=
1   1   0   0   0
2   0   0   0   1
3   0   0   1   0
4   0   0   0   1

 [2,*,*]
:   1   2   3   4    :=
1   0   0   1   0
2   0   0   0   1
3   0   0   1   0
4   0   0   0   1
;

Obj = 4.5
_total_solve_time = 3.3

zkg :=
1 1   1
1 2   0
2 1   0
2 2   1
3 1   1
3 2   0
;

egij [1,*,*]
:   1   2   3   4    :=
1   1   0   0   0
2   0   0   0   1
3   0   0   1   0
4   0   0   0   1

 [2,*,*]
:   1   2   3   4    :=
1   0   0   1   0
2   0   0   0   1
3   0   0   1   0
4   0   0   0   1
;

Obj = 4.5
_total_solve_time = 3.336

zkg :=
1 1   1
1 2   0
2 1   0
2 2   1
3 1   1
3 2   0
;

egij [1,*,*]
:   1   2   3   4    :=
1   1   0   0   0
2   0   0   0   1
3   0   0   1   0
4   0   0   0   1

 [2,*,*]
:   1   2   3   4    :=
1   0   0   1   0
2   0   0   0   1
3   0   0   1   0
4   0   0   0   1
;

Obj = 4.5
_total_solve_time = 3.332

zkg :=
1 1   1
1 2   0
2 1   0
2 2   1
3 1   1
3 2   0
;

egij [1,*,*]
:   1   2   3   4    :=
1   1   0   0   0
2   0   0   0   1
3   0   0   1   0
4   0   0   0   1

 [2,*,*]
:   1   2   3   4    :=
1   0   0   1   0
2   0   0   0   1
3   0   0   1   0
4   0   0   0   1
;

Obj = 4.5
_total_solve_time = 3.332

zkg :=
1 1   1
1 2   0
2 1   0
2 2   1
3 1   1
3 2   0
;

egij [1,*,*]
:   1   2   3   4    :=
1   1   0   0   0
2   0   0   0   1
3   0   0   1   0
4   0   0   0   1

 [2,*,*]
:   1   2   3   4    :=
1   0   0   1   0
2   0   0   0   1
3   0   0   1   0
4   0   0   0   1
;

Obj = 4.5
_total_solve_time = 3.328

zkg :=
1 1   1
1 2   0
2 1   0
2 2   1
3 1   1
3 2   0
;

egij [1,*,*]
:   1   2   3   4    :=
1   1   0   0   0
2   0   0   0   1
3   0   0   1   0
4   0   0   0   1

 [2,*,*]
:   1   2   3   4    :=
1   0   0   1   0
2   0   0   0   1
3   0   0   1   0
4   0   0   0   1
;

Obj = 4.5
_total_solve_time = 3.324

zkg :=
1 1   1
1 2   0
2 1   0
2 2   1
3 1   1
3 2   0
;

egij [1,*,*]
:   1   2   3   4    :=
1   1   0   0   0
2   0   0   0   1
3   0   0   1   0
4   0   0   0   1

 [2,*,*]
:   1   2   3   4    :=
1   0   0   1   0
2   0   0   0   1
3   0   0   1   0
4   0   0   0   1
;

Obj = 4.5
_total_solve_time = 3.308

zkg :=
1 1   1
1 2   0
2 1   0
2 2   1
3 1   1
3 2   0
;

egij [1,*,*]
:   1   2   3   4    :=
1   1   0   0   0
2   0   0   0   1
3   0   0   1   0
4   0   0   0   1

 [2,*,*]
:   1   2   3   4    :=
1   0   0   1   0
2   0   0   0   1
3   0   0   1   0
4   0   0   0   1
;

Obj = 4.5
_total_solve_time = 3.328

zkg :=
1 1   1
1 2   0
2 1   0
2 2   1
3 1   1
3 2   0
;

egij [1,*,*]
:   1   2   3   4    :=
1   1   0   0   0
2   0   0   0   1
3   0   0   1   0
4   0   0   0   1

 [2,*,*]
:   1   2   3   4    :=
1   0   0   1   0
2   0   0   0   1
3   0   0   1   0
4   0   0   0   1
;

Obj = 4.5
_total_solve_time = 3.324

zkg :=
1 1   1
1 2   0
2 1   0
2 2   1
3 1   1
3 2   0
;

egij [1,*,*]
:   1   2   3   4    :=
1   1   0   0   0
2   0   0   0   1
3   0   0   1   0
4   0   0   0   1

 [2,*,*]
:   1   2   3   4    :=
1   0   0   1   0
2   0   0   0   1
3   0   0   1   0
4   0   0   0   1
;

Obj = 4.5
_total_solve_time = 3.328

zkg :=
1 1   1
1 2   0
2 1   0
2 2   1
3 1   1
3 2   0
;

egij [1,*,*]
:   1   2   3   4    :=
1   1   0   0   0
2   0   0   0   1
3   0   0   1   0
4   0   0   0   1

 [2,*,*]
:   1   2   3   4    :=
1   0   0   1   0
2   0   0   0   1
3   0   0   1   0
4   0   0   0   1
;

Obj = 4.5
_total_solve_time = 3.3

zkg :=
1 1   1
1 2   0
2 1   0
2 2   1
3 1   1
3 2   0
;

egij [1,*,*]
:   1   2   3   4    :=
1   1   0   0   0
2   0   0   0   1
3   0   0   1   0
4   0   0   0   1

 [2,*,*]
:   1   2   3   4    :=
1   0   0   1   0
2   0   0   0   1
3   0   0   1   0
4   0   0   0   1
;

Obj = 4.5
_total_solve_time = 3.356

zkg :=
1 1   1
1 2   0
2 1   0
2 2   1
3 1   1
3 2   0
;

egij [1,*,*]
:   1   2   3   4    :=
1   1   0   0   0
2   0   0   0   1
3   0   0   1   0
4   0   0   0   1

 [2,*,*]
:   1   2   3   4    :=
1   0   0   1   0
2   0   0   0   1
3   0   0   1   0
4   0   0   0   1
;

Obj = 4.5
_total_solve_time = 3.324

zkg :=
1 1   1
1 2   0
2 1   0
2 2   1
3 1   1
3 2   0
;

egij [1,*,*]
:   1   2   3   4    :=
1   1   0   0   0
2   0   0   0   1
3   0   0   1   0
4   0   0   0   1

 [2,*,*]
:   1   2   3   4    :=
1   0   0   1   0
2   0   0   0   1
3   0   0   1   0
4   0   0   0   1
;

Obj = 4.5
_total_solve_time = 3.336

zkg :=
1 1   1
1 2   0
2 1   0
2 2   1
3 1   1
3 2   0
;

egij [1,*,*]
:   1   2   3   4    :=
1   1   0   0   0
2   0   0   0   1
3   0   0   1   0
4   0   0   0   1

 [2,*,*]
:   1   2   3   4    :=
1   0   0   1   0
2   0   0   0   1
3   0   0   1   0
4   0   0   0   1
;

Obj = 4.5
_total_solve_time = 3.336

zkg :=
1 1   1
1 2   0
2 1   0
2 2   1
3 1   1
3 2   0
;

egij [1,*,*]
:   1   2   3   4    :=
1   1   0   0   0
2   0   0   0   1
3   0   0   1   0
4   0   0   0   1

 [2,*,*]
:   1   2   3   4    :=
1   0   0   1   0
2   0   0   0   1
3   0   0   1   0
4   0   0   0   1
;

Obj = 4.5
_total_solve_time = 5.956

zkg :=
1 1   1
1 2   0
2 1   0
2 2   1
3 1   1
3 2   0
;

egij [1,*,*]
:   1   2   3   4    :=
1   1   0   0   0
2   0   0   0   1
3   0   0   1   0
4   0   0   0   1

 [2,*,*]
:   1   2   3   4    :=
1   0   0   1   0
2   0   0   0   1
3   0   0   1   0
4   0   0   0   1
;

Obj = 4.5
_total_solve_time = 5.672

zkg :=
1 1   1
1 2   0
2 1   0
2 2   1
3 1   1
3 2   0
;

egij [1,*,*]
:   1   2   3   4    :=
1   1   0   0   0
2   0   0   0   1
3   0   0   1   0
4   0   0   0   1

 [2,*,*]
:   1   2   3   4    :=
1   0   0   1   0
2   0   0   0   1
3   0   0   1   0
4   0   0   0   1
;

Obj = 4.5
_total_solve_time = 5.788

zkg :=
1 1   1
1 2   0
2 1   0
2 2   1
3 1   1
3 2   0
;

egij [1,*,*]
:   1   2   3   4    :=
1   1   0   0   0
2   0   0   0   1
3   0   0   1   0
4   0   0   0   1

 [2,*,*]
:   1   2   3   4    :=
1   0   0   1   0
2   0   0   0   1
3   0   0   1   0
4   0   0   0   1
;

Obj = 4.5
_total_solve_time = 5.748

zkg :=
1 1   1
1 2   0
2 1   0
2 2   1
3 1   1
3 2   0
;

egij [1,*,*]
:   1   2   3   4    :=
1   1   0   0   0
2   0   0   0   1
3   0   0   1   0
4   0   0   0   1

 [2,*,*]
:   1   2   3   4    :=
1   0   0   1   0
2   0   0   0   1
3   0   0   1   0
4   0   0   0   1
;

Obj = 4.5
_total_solve_time = 5.872

zkg :=
1 1   1
1 2   0
2 1   0
2 2   1
3 1   1
3 2   0
;

egij [1,*,*]
:   1   2   3   4    :=
1   1   0   0   0
2   0   0   0   1
3   0   0   1   0
4   0   0   0   1

 [2,*,*]
:   1   2   3   4    :=
1   0   0   1   0
2   0   0   0   1
3   0   0   1   0
4   0   0   0   1
;

Obj = 4.5
_total_solve_time = 0.3

zkg :=
1 1   1
1 2   0
2 1   0
2 2   1
3 1   1
3 2   0
;

egij [1,*,*]
:   1   2   3   4    :=
1   1   0   0   0
2   0   0   0   1
3   0   0   1   0
4   0   0   0   1

 [2,*,*]
:   1   2   3   4    :=
1   0   0   1   0
2   0   0   0   1
3   0   0   1   0
4   0   0   0   1
;

Obj = 4.5
_total_solve_time = 0.28

zkg :=
1 1   1
1 2   0
2 1   0
2 2   1
3 1   1
3 2   0
;

egij [1,*,*]
:   1   2   3   4    :=
1   1   0   0   0
2   0   0   0   1
3   0   0   1   0
4   0   0   0   1

 [2,*,*]
:   1   2   3   4    :=
1   0   0   1   0
2   0   0   0   1
3   0   0   1   0
4   0   0   0   1
;

Obj = 4.5
_total_solve_time = 0.276

zkg :=
1 1   1
1 2   0
2 1   0
2 2   1
3 1   1
3 2   0
;

egij [1,*,*]
:   1   2   3   4    :=
1   1   0   0   0
2   0   0   0   1
3   0   0   1   0
4   0   0   0   1

 [2,*,*]
:   1   2   3   4    :=
1   0   0   1   0
2   0   0   0   1
3   0   0   1   0
4   0   0   0   1
;

Obj = 4.5
_total_solve_time = 0.276

zkg :=
1 1   1
1 2   0
2 1   0
2 2   1
3 1   1
3 2   0
;

egij [1,*,*]
:   1   2   3   4    :=
1   1   0   0   0
2   0   0   0   1
3   0   0   1   0
4   0   0   0   1

 [2,*,*]
:   1   2   3   4    :=
1   0   0   1   0
2   0   0   0   1
3   0   0   1   0
4   0   0   0   1
;

Obj = 4.5
_total_solve_time = 0.284

zkg :=
1 1   1
1 2   0
2 1   0
2 2   1
3 1   1
3 2   0
;

egij [1,*,*]
:   1   2   3   4    :=
1   1   0   0   0
2   0   0   0   1
3   0   0   1   0
4   0   0   0   1

 [2,*,*]
:   1   2   3   4    :=
1   0   0   1   0
2   0   0   0   1
3   0   0   1   0
4   0   0   0   1
;

Obj = 4.5
_total_solve_time = 5.808

zkg :=
1 1   1
1 2   0
2 1   0
2 2   1
3 1   1
3 2   0
;

egij [1,*,*]
:   1   2   3   4    :=
1   1   0   0   0
2   0   0   0   1
3   0   0   1   0
4   0   0   0   1

 [2,*,*]
:   1   2   3   4    :=
1   0   0   1   0
2   0   0   0   1
3   0   0   1   0
4   0   0   0   1
;

Obj = 4.5
_total_solve_time = 5.648

zkg :=
1 1   1
1 2   0
2 1   0
2 2   1
3 1   1
3 2   0
;

egij [1,*,*]
:   1   2   3   4    :=
1   1   0   0   0
2   0   0   0   1
3   0   0   1   0
4   0   0   0   1

 [2,*,*]
:   1   2   3   4    :=
1   0   0   1   0
2   0   0   0   1
3   0   0   1   0
4   0   0   0   1
;

Obj = 4.5
_total_solve_time = 5.884

zkg :=
1 1   1
1 2   0
2 1   0
2 2   1
3 1   1
3 2   0
;

egij [1,*,*]
:   1   2   3   4    :=
1   1   0   0   0
2   0   0   0   1
3   0   0   1   0
4   0   0   0   1

 [2,*,*]
:   1   2   3   4    :=
1   0   0   1   0
2   0   0   0   1
3   0   0   1   0
4   0   0   0   1
;

Obj = 4.5
_total_solve_time = 5.776

zkg :=
1 1   1
1 2   0
2 1   0
2 2   1
3 1   1
3 2   0
;

egij [1,*,*]
:   1   2   3   4    :=
1   1   0   0   0
2   0   0   0   1
3   0   0   1   0
4   0   0   0   1

 [2,*,*]
:   1   2   3   4    :=
1   0   0   1   0
2   0   0   0   1
3   0   0   1   0
4   0   0   0   1
;

Obj = 4.5
_total_solve_time = 5.896

zkg :=
1 1   1
1 2   0
2 1   0
2 2   1
3 1   1
3 2   0
;

egij [1,*,*]
:   1   2   3   4    :=
1   1   0   0   0
2   0   0   0   1
3   0   0   1   0
4   0   0   0   1

 [2,*,*]
:   1   2   3   4    :=
1   0   0   1   0
2   0   0   0   1
3   0   0   1   0
4   0   0   0   1
;

Obj = 4.5
_total_solve_time = 5.776

zkg :=
1 1   1
1 2   0
2 1   0
2 2   1
3 1   1
3 2   0
;

egij [1,*,*]
:   1   2   3   4    :=
1   1   0   0   0
2   0   0   0   1
3   0   0   1   0
4   0   0   0   1

 [2,*,*]
:   1   2   3   4    :=
1   0   0   1   0
2   0   0   0   1
3   0   0   1   0
4   0   0   0   1
;

Obj = 4.5
_total_solve_time = 5.752

zkg :=
1 1   1
1 2   0
2 1   0
2 2   1
3 1   1
3 2   0
;

egij [1,*,*]
:   1   2   3   4    :=
1   1   0   0   0
2   0   0   0   1
3   0   0   1   0
4   0   0   0   1

 [2,*,*]
:   1   2   3   4    :=
1   0   0   1   0
2   0   0   0   1
3   0   0   1   0
4   0   0   0   1
;

Obj = 4.5
_total_solve_time = 5.68

zkg :=
1 1   1
1 2   0
2 1   0
2 2   1
3 1   1
3 2   0
;

egij [1,*,*]
:   1   2   3   4    :=
1   1   0   0   0
2   0   0   0   1
3   0   0   1   0
4   0   0   0   1

 [2,*,*]
:   1   2   3   4    :=
1   0   0   1   0
2   0   0   0   1
3   0   0   1   0
4   0   0   0   1
;

Obj = 4.5
_total_solve_time = 5.704

zkg :=
1 1   1
1 2   0
2 1   0
2 2   1
3 1   1
3 2   0
;

egij [1,*,*]
:   1   2   3   4    :=
1   1   0   0   0
2   0   0   0   1
3   0   0   1   0
4   0   0   0   1

 [2,*,*]
:   1   2   3   4    :=
1   0   0   1   0
2   0   0   0   1
3   0   0   1   0
4   0   0   0   1
;

Obj = 4.5
_total_solve_time = 5.692

zkg :=
1 1   1
1 2   0
2 1   0
2 2   1
3 1   1
3 2   0
;

egij [1,*,*]
:   1   2   3   4    :=
1   1   0   0   0
2   0   0   0   1
3   0   0   1   0
4   0   0   0   1

 [2,*,*]
:   1   2   3   4    :=
1   0   0   1   0
2   0   0   0   1
3   0   0   1   0
4   0   0   0   1
;

Obj = 4.5
_total_solve_time = 5.8

zkg :=
1 1   1
1 2   0
2 1   0
2 2   1
3 1   1
3 2   0
;

egij [1,*,*]
:   1   2   3   4    :=
1   1   0   0   0
2   0   0   0   1
3   0   0   1   0
4   0   0   0   1

 [2,*,*]
:   1   2   3   4    :=
1   0   0   1   0
2   0   0   0   1
3   0   0   1   0
4   0   0   0   1
;

Obj = 4.5
_total_solve_time = 0.288

zkg :=
1 1   1
1 2   0
2 1   0
2 2   1
3 1   1
3 2   0
;

egij [1,*,*]
:   1   2   3   4    :=
1   1   0   0   0
2   0   0   0   1
3   0   0   1   0
4   0   0   0   1

 [2,*,*]
:   1   2   3   4    :=
1   0   0   1   0
2   0   0   0   1
3   0   0   1   0
4   0   0   0   1
;

Obj = 4.5
_total_solve_time = 0.284

zkg :=
1 1   1
1 2   0
2 1   0
2 2   1
3 1   1
3 2   0
;

egij [1,*,*]
:   1   2   3   4    :=
1   1   0   0   0
2   0   0   0   1
3   0   0   1   0
4   0   0   0   1

 [2,*,*]
:   1   2   3   4    :=
1   0   0   1   0
2   0   0   0   1
3   0   0   1   0
4   0   0   0   1
;

Obj = 4.5
_total_solve_time = 5.68

zkg :=
1 1   1
1 2   0
2 1   0
2 2   1
3 1   1
3 2   0
;

egij [1,*,*]
:   1   2   3   4    :=
1   1   0   0   0
2   0   0   0   1
3   0   0   1   0
4   0   0   0   1

 [2,*,*]
:   1   2   3   4    :=
1   0   0   1   0
2   0   0   0   1
3   0   0   1   0
4   0   0   0   1
;

Obj = 4.5
_total_solve_time = 5.796

zkg :=
1 1   1
1 2   0
2 1   0
2 2   1
3 1   1
3 2   0
;

egij [1,*,*]
:   1   2   3   4    :=
1   1   0   0   0
2   0   0   0   1
3   0   0   1   0
4   0   0   0   1

 [2,*,*]
:   1   2   3   4    :=
1   0   0   1   0
2   0   0   0   1
3   0   0   1   0
4   0   0   0   1
;

Obj = 4.5
_total_solve_time = 5.828

zkg :=
1 1   1
1 2   0
2 1   0
2 2   1
3 1   1
3 2   0
;

egij [1,*,*]
:   1   2   3   4    :=
1   1   0   0   0
2   0   0   0   1
3   0   0   1   0
4   0   0   0   1

 [2,*,*]
:   1   2   3   4    :=
1   0   0   1   0
2   0   0   0   1
3   0   0   1   0
4   0   0   0   1
;

Obj = 4.5
_total_solve_time = 5.9

zkg :=
1 1   1
1 2   0
2 1   0
2 2   1
3 1   1
3 2   0
;

egij [1,*,*]
:   1   2   3   4    :=
1   1   0   0   0
2   0   0   0   1
3   0   0   1   0
4   0   0   0   1

 [2,*,*]
:   1   2   3   4    :=
1   0   0   1   0
2   0   0   0   1
3   0   0   1   0
4   0   0   0   1
;

Obj = 4.5
_total_solve_time = 5.672

zkg :=
1 1   1
1 2   0
2 1   0
2 2   1
3 1   1
3 2   0
;

egij [1,*,*]
:   1   2   3   4    :=
1   1   0   0   0
2   0   0   0   1
3   0   0   1   0
4   0   0   0   1

 [2,*,*]
:   1   2   3   4    :=
1   0   0   1   0
2   0   0   0   1
3   0   0   1   0
4   0   0   0   1
;

